543.586647 117.272727272727
543.613415 102.909090909091
543.640184 79.3636363636364
543.666954 82.6363636363636
543.693724 102.363636363636
543.720495 239.090909090909
543.747266 369.727272727273
543.774039 477.636363636364
543.800812 449.363636363636
543.827585 252.727272727273
543.854359 132.363636363636
543.881134 129.181818181818
543.90791 154.363636363636
543.934686 138.090909090909
543.961463 104.545454545455
543.98824 100.727272727273
544.015019 98.4545454545455
544.041797 110.363636363636
544.068577 114.909090909091
544.095357 119.727272727273
544.122138 137.909090909091
544.148919 179.181818181818
544.175702 254.909090909091
544.202484 578.454545454545
544.229268 5418.63636363636
544.256052 101727.454545455
544.282837 292493.636363636
544.309622 281177.454545455
544.336408 114323.545454545
544.363195 32359.2727272727
544.389983 17278.6363636364
544.416771 13003.5454545455
544.443559 8887
544.470349 6041.09090909091
544.497139 3110.18181818182
544.523929 1113.36363636364
544.550721 2714
544.577513 14355.8181818182
544.604306 7712.63636363636
544.631099 1530.36363636364
544.657893 1267.72727272727
544.684688 1817.90909090909
544.711483 1932.18181818182
544.738279 13237.8181818182
544.765076 105703.363636364
544.791873 202282.818181818
544.818671 141396.181818182
544.845469 49091.0909090909
544.872269 19364.5454545455
544.899069 11197.0909090909
544.925869 7259.81818181818
544.952671 6158.45454545455
544.979472 4670.81818181818
545.006275 2529.72727272727
545.033078 1382
545.059882 4380.72727272727
545.086687 9221.63636363636
545.113492 3313.63636363636
545.140298 1427.45454545455
545.167104 1804.18181818182
545.193912 1857.54545454545
545.220719 2347.36363636364
545.247528 13574.3636363636
545.274337 62580.7272727273
545.301147 81836
545.327957 42954.4545454545
545.354769 14179.7272727273
545.38158 7351.09090909091
545.408393 4549.09090909091
545.435206 3525.54545454545
545.46202 2911.54545454545
545.488834 2406.72727272727
545.515649 1609.27272727273
545.542465 1546.81818181818
545.569281 3262.72727272727
545.596099 3749.45454545455
545.622916 1799.45454545455
545.649735 1462.90909090909
545.676554 1463.09090909091
545.703373 1482
545.730194 1961.72727272727
545.757015 10148.6363636364
545.783836 26621.9090909091
545.810659 25001.8181818182
545.837482 10506.9090909091
545.864306 4201.09090909091
545.89113 2618.45454545455
545.917955 2339.81818181818
545.94478 2088.18181818182
545.971607 1752.27272727273
545.998434 1298.09090909091
546.025261 1122.90909090909
546.05209 1248.36363636364
546.078919 1712.72727272727
546.105748 1302.72727272727
546.132578 1052.54545454545
546.159409 1035.45454545455
546.186241 1061.54545454545
546.213073 1097.90909090909
546.239906 2296.18181818182
546.26674 7834.36363636364
546.293574 12296.7272727273
546.320409 7767.81818181818
546.347244 3071.81818181818
546.37408 1667.54545454545
546.400917 1293
546.427755 1035.81818181818
546.454593 1052.45454545455
546.481432 983.181818181818
546.508271 869.636363636364
546.535111 782.454545454545
546.561952 990.727272727273
546.588794 1079.36363636364
546.615636 910.818181818182
546.642479 758.272727272727
546.669322 782.181818181818
546.696166 753.181818181818
546.723011 933
546.749856 2648.54545454545
546.776702 6754.18181818182
546.803549 6555.18181818182
546.830396 3132.09090909091
546.857245 1330.36363636364
546.884093 1020
546.910943 922.727272727273
546.937793 837.636363636364
546.964643 683.545454545455
546.991495 718.272727272727
547.018347 628
547.045199 598
547.072053 650.272727272727
547.098907 655.090909090909
547.125761 560.454545454545
547.152617 542.909090909091
547.179473 530.545454545455
547.206329 629.545454545455
547.233186 1034.45454545455
547.260044 3593.45454545455
547.286903 5840.36363636364
547.313762 4054.72727272727
547.340622 1626
547.367483 882.272727272727
547.394344 668.272727272727
547.421206 642.727272727273
547.448068 605.272727272727
547.474932 566.272727272727
547.501795 493.181818181818
547.52866 507
547.555525 545.909090909091
547.582391 590.363636363636
547.609258 500.181818181818
547.636125 518.363636363636
547.662993 478.818181818182
547.689861 463
547.71673 486.727272727273
547.7436 1321.09090909091
547.77047 3592.27272727273
547.797342 3818.63636363636
547.824213 1829.72727272727
547.851086 857.272727272727
547.877959 632.454545454545
547.904833 565.181818181818
547.931707 481.454545454545
547.958582 483.636363636364
547.985458 446.272727272727
548.012334 380.090909090909
548.039211 351.454545454545
548.066089 416.181818181818
548.092967 389.909090909091
548.119846 375.181818181818
548.146726 352
548.173606 385.727272727273
548.200487 410.636363636364
548.227369 575.181818181818
548.254251 1493.63636363636
548.281134 2711.09090909091
548.308018 2022.81818181818
548.334902 885.181818181818
548.361787 474.272727272727
548.388673 406.545454545455
548.415559 359.727272727273
548.442446 361.090909090909
548.469334 337.636363636364
548.496222 339.545454545455
548.523111 321.454545454545
548.55 366
548.576891 374.909090909091
548.603782 363.181818181818
548.630673 301.181818181818
548.657565 286
548.684458 282.090909090909
548.711352 346
548.738246 551.272727272727
548.765141 1288.90909090909
548.792036 1469.18181818182
548.818932 878.727272727273
548.845829 436.545454545455
548.872727 318.818181818182
548.899625 300.272727272727
548.926524 330
548.953423 304.090909090909
548.980323 276.818181818182
549.007224 250
549.034125 256.636363636364
549.061028 247.181818181818
549.08793 243.363636363636
549.114834 237.818181818182
549.141738 243.636363636364
549.168643 237.727272727273
549.195548 299.090909090909
549.222454 420.090909090909
549.249361 797.090909090909
549.276268 1165.45454545455
549.303176 926
549.330085 459.727272727273
549.356994 301
549.383904 261.545454545455
549.410815 245.454545454545
549.437726 223.181818181818
549.464638 220.181818181818
549.491551 207.454545454545
549.518464 197.454545454545
549.545378 242.090909090909
549.572293 306.090909090909
549.599208 265
549.626124 227.090909090909
549.65304 210.090909090909
549.679958 225.909090909091
549.706876 284
549.733794 1061.18181818182
549.760713 3834.09090909091
549.787633 4845.27272727273
549.814554 2585.81818181818
549.841475 928.181818181818
549.868397 467.727272727273
549.895319 387.909090909091
549.922243 349
549.949166 317.454545454545
549.976091 239.363636363636
550.003016 205.909090909091
550.029942 194
550.056868 262.454545454545
550.083795 245.636363636364
550.110723 213.363636363636
550.137652 207.636363636364
550.164581 249.818181818182
550.191511 345.363636363636
550.218441 2881
550.245372 28396.6363636364
550.272304 60436.0909090909
550.299236 43810.2727272727
550.326169 14574.7272727273
550.353103 4797.90909090909
550.380037 2867.72727272727
550.406973 1937.72727272727
550.433908 1514.27272727273
550.460845 1094
550.487782 696.818181818182
550.514719 420.363636363636
550.541658 886.727272727273
550.568597 1802.09090909091
550.595536 918.909090909091
550.622477 445.090909090909
550.649418 470.181818181818
550.676359 481.909090909091
550.703302 630.909090909091
550.730245 4588.72727272727
550.757188 23515.5454545455
550.784132 31417.2727272727
550.811077 16082.9090909091
550.838023 4668.45454545455
550.864969 2328.81818181818
550.891916 1590.81818181818
550.918864 1193.18181818182
550.945812 907
550.972761 788.636363636364
550.99971 535.454545454545
551.026661 498
551.053611 869.727272727273
551.080563 953.909090909091
551.107515 464.181818181818
551.134468 397.727272727273
551.161421 424.272727272727
551.188376 495.454545454545
551.21533 876.545454545455
551.242286 5047.36363636364
551.269242 12466.9090909091
551.296199 10762.6363636364
551.323156 4058.45454545455
551.350114 1509.72727272727
551.377073 915.818181818182
551.404033 715
551.430993 570.090909090909
551.457953 507.363636363636
551.484915 428.909090909091
551.511877 416.909090909091
551.53884 462.454545454545
551.565803 605.454545454545
551.592767 425
551.619732 361.636363636364
551.646697 361.909090909091
551.673663 374.454545454545
551.70063 366.363636363636
551.727597 821.727272727273
551.754565 2840.09090909091
551.781534 4181.63636363636
551.808503 2475
551.835473 1010.45454545455
551.862444 589.272727272727
551.889415 500.545454545455
551.916387 497
551.94336 515.909090909091
551.970333 401.818181818182
551.997307 347.181818181818
552.024281 320.545454545455
552.051257 339.909090909091
552.078233 318.090909090909
552.105209 292.090909090909
552.132186 259.909090909091
552.159164 288.181818181818
552.186143 284.818181818182
552.213122 355.909090909091
552.240102 787.454545454545
552.267082 1799.90909090909
552.294064 2028.09090909091
552.321045 1147.18181818182
552.348028 506.181818181818
552.375011 380.181818181818
552.401995 310.909090909091
552.428979 269.181818181818
552.455964 237.454545454545
552.48295 271.181818181818
552.509937 248.181818181818
552.536924 279.181818181818
552.563912 319.636363636364
552.5909 381.727272727273
552.617889 316.545454545455
552.644879 242.909090909091
552.671869 225.818181818182
552.69886 237.636363636364
552.725852 335.090909090909
552.752844 673.909090909091
552.779838 1051.63636363636
552.806831 949.636363636364
552.833826 474.272727272727
552.860821 284.545454545455
552.887816 273.818181818182
552.914813 331
552.94181 323.090909090909
552.968807 274.636363636364
552.995806 217.090909090909
553.022805 233.181818181818
553.049804 217.727272727273
553.076804 205.181818181818
553.103805 162.272727272727
553.130807 175.272727272727
553.157809 165.454545454545
553.184812 214.181818181818
553.211816 363.363636363636
553.23882 1240.72727272727
553.265825 1882.81818181818
553.292831 1361.90909090909
553.319837 614.363636363636
553.346844 328.909090909091
553.373851 237.545454545455
553.400859 223
553.427868 182.636363636364
553.454878 197.727272727273
553.481888 172.363636363636
553.508899 166.818181818182
553.53591 196.727272727273
553.562922 223.181818181818
553.589935 213.454545454545
553.616949 189.181818181818
553.643963 158.363636363636
553.670978 174.181818181818
553.697993 180.090909090909
553.725009 403.181818181818
553.752026 915.909090909091
553.779043 979.272727272727
553.806062 535.727272727273
553.83308 264.363636363636
553.8601 176
553.88712 198.181818181818
553.91414 218.909090909091
553.941162 211.818181818182
553.968184 181.090909090909
553.995207 177.727272727273
554.02223 153.818181818182
554.049254 158.545454545455
554.076279 143.181818181818
554.103304 140.818181818182
554.13033 124.181818181818
554.157357 139.454545454545
554.184384 136.545454545455
554.211412 205.090909090909
554.238441 431.454545454545
554.26547 641.636363636364
554.2925 475.727272727273
