543.586647 118.545454545455
543.613415 113.636363636364
543.640184 72.5454545454545
543.666954 69.7272727272727
543.693724 124.363636363636
543.720495 333.818181818182
543.747266 532.636363636364
543.774039 604.090909090909
543.800812 448.909090909091
543.827585 244.636363636364
543.854359 131.454545454545
543.881134 107.818181818182
543.90791 115.181818181818
543.934686 105.818181818182
543.961463 100.090909090909
543.98824 130.454545454545
544.015019 125.272727272727
544.041797 98.7272727272727
544.068577 82.7272727272727
544.095357 97.6363636363636
544.122138 97.4545454545455
544.148919 140.090909090909
544.175702 242.181818181818
544.202484 490.454545454545
544.229268 3168.63636363636
544.256052 72596.1818181818
544.282837 247859.727272727
544.309622 262567.545454545
544.336408 115506.909090909
544.363195 31720.6363636364
544.389983 15593.2727272727
544.416771 11735.1818181818
544.443559 8069.54545454545
544.470349 5556
544.497139 3064.45454545455
544.523929 1156.27272727273
544.550721 1826.27272727273
544.577513 11243.2727272727
544.604306 7671.18181818182
544.631099 1518
544.657893 1136.45454545455
544.684688 1580.81818181818
544.711483 1640.90909090909
544.738279 8653.81818181818
544.765076 83309.5454545455
544.791873 181954.181818182
544.818671 138728.727272727
544.845469 49700.8181818182
544.872269 18321.3636363636
544.899069 10499.8181818182
544.925869 6727.18181818182
544.952671 5627.18181818182
544.979472 4290.63636363636
545.006275 2462.27272727273
545.033078 1228.63636363636
545.059882 3278.45454545455
545.086687 8166.63636363636
545.113492 3362.36363636364
545.140298 1261
545.167104 1608.90909090909
545.193912 1749.09090909091
545.220719 2048
545.247528 10171.9090909091
545.274337 54268.6363636364
545.301147 78905.6363636364
545.327957 44393.6363636364
545.354769 14301.1818181818
545.38158 6971.54545454545
545.408393 4265.54545454545
545.435206 3258.45454545455
545.46202 2679.63636363636
545.488834 2248.45454545455
545.515649 1520
545.542465 1315.90909090909
545.569281 2760.09090909091
545.596099 3447.72727272727
545.622916 1594.36363636364
545.649735 1242
545.676554 1269.81818181818
545.703373 1333.45454545455
545.730194 1713.54545454545
545.757015 9238.90909090909
545.783836 27152.8181818182
545.810659 27114.8181818182
545.837482 11566.2727272727
545.864306 4341.81818181818
545.89113 2655.09090909091
545.917955 2179.54545454545
545.94478 1820.54545454545
545.971607 1558.09090909091
545.998434 1184.90909090909
546.025261 1038.90909090909
546.05209 1113.63636363636
546.078919 1629.72727272727
546.105748 1250.54545454545
546.132578 952.545454545455
546.159409 935.545454545455
546.186241 976.818181818182
546.213073 999.818181818182
546.239906 2357.09090909091
546.26674 10123.3636363636
546.293574 17096.6363636364
546.320409 11053.0909090909
546.347244 4042.54545454545
546.37408 1892.36363636364
546.400917 1441.36363636364
546.427755 1171.90909090909
546.454593 1102
546.481432 929.818181818182
546.508271 833.636363636364
546.535111 737
546.561952 991.818181818182
546.588794 1097.90909090909
546.615636 842.272727272727
546.642479 701.454545454545
546.669322 743
546.696166 753.454545454545
546.723011 964.363636363636
546.749856 3460.90909090909
546.776702 11193.5454545455
546.803549 11769.6363636364
546.830396 5411
546.857245 1932.54545454545
546.884093 1275.90909090909
546.910943 1029.63636363636
546.937793 910.272727272727
546.964643 761
546.991495 704.545454545455
547.018347 612.272727272727
547.045199 629.181818181818
547.072053 759.545454545455
547.098907 750.545454545455
547.125761 564.181818181818
547.152617 536
547.179473 552.909090909091
547.206329 689.272727272727
547.233186 1205.18181818182
547.260044 5855.81818181818
547.286903 13391.9090909091
547.313762 13504.8181818182
547.340622 6682.81818181818
547.367483 2467.54545454545
547.394344 1269.72727272727
547.421206 1013.18181818182
547.448068 853.727272727273
547.474932 761.545454545455
547.501795 620.636363636364
547.52866 568.272727272727
547.555525 618.363636363636
547.582391 764.818181818182
547.609258 635
547.636125 548.454545454545
547.662993 505
547.689861 498.636363636364
547.71673 558.454545454545
547.7436 1821.45454545455
547.77047 6308.90909090909
547.797342 7729.54545454545
547.824213 3830.54545454545
547.851086 1420.09090909091
547.877959 881.545454545455
547.904833 829.181818181818
547.931707 690.090909090909
547.958582 566.090909090909
547.985458 506.636363636364
548.012334 465.818181818182
548.039211 395.181818181818
548.066089 500
548.092967 491.636363636364
548.119846 414.818181818182
548.146726 380.818181818182
548.173606 410.272727272727
548.200487 460.272727272727
548.227369 712.909090909091
548.254251 2408.45454545455
548.281134 5429
548.308018 5296.81818181818
548.334902 2892.27272727273
548.361787 1189.54545454545
548.388673 695.545454545455
548.415559 528.545454545455
548.442446 489.909090909091
548.469334 396.090909090909
548.496222 398.545454545455
548.523111 373.454545454545
548.55 427.727272727273
548.576891 496.545454545455
548.603782 516.727272727273
548.630673 441.454545454545
548.657565 376.636363636364
548.684458 328.545454545455
548.711352 398.272727272727
548.738246 692.181818181818
548.765141 2061.63636363636
548.792036 2694
548.818932 1625.81818181818
548.845829 680.272727272727
548.872727 450.363636363636
548.899625 402.818181818182
548.926524 433.363636363636
548.953423 382.636363636364
548.980323 322.363636363636
549.007224 282.818181818182
549.034125 305.181818181818
549.061028 307.818181818182
549.08793 301
549.114834 243.363636363636
549.141738 242.727272727273
549.168643 240.909090909091
549.195548 329.909090909091
549.222454 505.636363636364
549.249361 1132.72727272727
549.276268 2019.81818181818
549.303176 1917.45454545455
549.330085 1039.36363636364
549.356994 549.090909090909
549.383904 355.545454545455
549.410815 301
549.437726 285.363636363636
549.464638 283.818181818182
549.491551 251
549.518464 239.818181818182
549.545378 260.181818181818
549.572293 315.818181818182
549.599208 285.454545454545
549.626124 247
549.65304 220.636363636364
549.679958 247.090909090909
549.706876 303.090909090909
549.733794 1444.72727272727
549.760713 6260.63636363636
549.787633 8467.72727272727
549.814554 4442.81818181818
549.841475 1453.09090909091
549.868397 690.454545454545
549.895319 555.636363636364
549.922243 430.090909090909
549.949166 385.363636363636
549.976091 315.090909090909
550.003016 266.727272727273
550.029942 250.454545454545
550.056868 339.181818181818
550.083795 312.090909090909
550.110723 255.727272727273
550.137652 265.818181818182
550.164581 310.545454545455
550.191511 427.090909090909
550.218441 3918.18181818182
550.245372 47821.3636363636
550.272304 114540.545454545
550.299236 91961.5454545455
550.326169 32285.0909090909
550.353103 9759.63636363636
550.380037 5721.90909090909
550.406973 3849.90909090909
550.433908 2906.81818181818
550.460845 2108.63636363636
550.487782 1231.54545454545
550.514719 632.181818181818
550.541658 1461.90909090909
550.568597 3949.54545454545
550.595536 1894.27272727273
550.622477 679.181818181818
550.649418 698.454545454545
550.676359 776.272727272727
550.703302 988.818181818182
550.730245 6850.36363636364
550.757188 41319.6363636364
550.784132 61215.6363636364
550.811077 33959.6363636364
550.838023 10185.2727272727
550.864969 4702.18181818182
550.891916 3005
550.918864 2200.81818181818
550.945812 1681
550.972761 1393.81818181818
550.99971 863.818181818182
551.026661 708.818181818182
551.053611 1529.81818181818
551.080563 2002.63636363636
551.107515 831.818181818182
551.134468 654
551.161421 684
551.188376 769.272727272727
551.21533 1184.54545454545
551.242286 7624.09090909091
551.269242 21693.6363636364
551.296199 20706.4545454545
551.323156 8400.54545454545
551.350114 3022.54545454545
551.377073 1736
551.404033 1313.63636363636
551.430993 1068.09090909091
551.457953 935.909090909091
551.484915 729.272727272727
551.511877 616.181818181818
551.53884 705
551.565803 1094.90909090909
551.592767 807.636363636364
551.619732 605.363636363636
551.646697 550.454545454545
551.673663 528.909090909091
551.70063 522.727272727273
551.727597 1186
551.754565 4508.09090909091
551.781534 7407.90909090909
551.808503 4699.27272727273
551.835473 1778.81818181818
551.862444 954
551.889415 786.090909090909
551.916387 636.545454545455
551.94336 625.090909090909
551.970333 561
551.997307 495.909090909091
552.024281 423.636363636364
552.051257 493
552.078233 509.090909090909
552.105209 417.636363636364
552.132186 385.454545454545
552.159164 449.727272727273
552.186143 441.181818181818
552.213122 504.090909090909
552.240102 973.909090909091
552.267082 2393.81818181818
552.294064 2833
552.321045 1681.63636363636
552.348028 716.272727272727
552.375011 514.818181818182
552.401995 464.545454545455
552.428979 426.090909090909
552.455964 376
552.48295 383.363636363636
552.509937 334.727272727273
552.536924 371.272727272727
552.563912 469.545454545455
552.5909 535.909090909091
552.617889 421.909090909091
552.644879 355.727272727273
552.671869 292.727272727273
552.69886 320.545454545455
552.725852 406.727272727273
552.752844 770.454545454545
552.779838 1223.63636363636
552.806831 1100.72727272727
552.833826 586.363636363636
552.860821 413.818181818182
552.887816 398.363636363636
552.914813 454.363636363636
552.94181 399.090909090909
552.968807 324.545454545455
552.995806 275.363636363636
553.022805 290.363636363636
553.049804 271.181818181818
553.076804 287.363636363636
553.103805 247.454545454545
553.130807 242.181818181818
553.157809 250.636363636364
553.184812 276.636363636364
553.211816 467.181818181818
553.23882 1860.27272727273
553.265825 3110.90909090909
553.292831 2245.09090909091
553.319837 918.636363636364
553.346844 474.636363636364
553.373851 329.363636363636
553.400859 301.636363636364
553.427868 269.090909090909
553.454878 257.454545454545
553.481888 235.545454545455
553.508899 227.727272727273
553.53591 254.636363636364
553.562922 327.727272727273
553.589935 295.181818181818
553.616949 260.818181818182
553.643963 206.818181818182
553.670978 232.181818181818
553.697993 241.090909090909
553.725009 513.454545454545
553.752026 1417
553.779043 1638.81818181818
553.806062 855.818181818182
553.83308 400.545454545455
553.8601 260.363636363636
553.88712 275.636363636364
553.91414 261.454545454545
553.941162 256.636363636364
553.968184 217.545454545455
553.995207 215.636363636364
554.02223 197.363636363636
554.049254 216.818181818182
554.076279 202.272727272727
554.103304 188.090909090909
554.13033 170.818181818182
554.157357 186.454545454545
554.184384 178
554.211412 256.818181818182
554.238441 508.909090909091
554.26547 839.454545454545
554.2925 674.545454545455
