543.586647 105.727272727273
543.613415 93.7272727272727
543.640184 71.3636363636364
543.666954 74.7272727272727
543.693724 108.454545454545
543.720495 227.454545454545
543.747266 337.818181818182
543.774039 427.090909090909
543.800812 391.454545454545
543.827585 234.636363636364
543.854359 118.727272727273
543.881134 98.4545454545455
543.90791 119.181818181818
543.934686 121.636363636364
543.961463 96.0909090909091
543.98824 85.2727272727273
544.015019 83
544.041797 87.7272727272727
544.068577 99.6363636363636
544.095357 104.909090909091
544.122138 95.7272727272727
544.148919 130.454545454545
544.175702 213.545454545455
544.202484 453.545454545455
544.229268 3101.36363636364
544.256052 66111.9090909091
544.282837 220685
544.309622 230763.818181818
544.336408 100451.545454545
544.363195 27878.5454545455
544.389983 13567.8181818182
544.416771 10130.0909090909
544.443559 7057
544.470349 4861.09090909091
544.497139 2644.09090909091
544.523929 1070.81818181818
544.550721 1747.18181818182
544.577513 9594.18181818182
544.604306 6475.63636363636
544.631099 1385.54545454545
544.657893 1005.54545454545
544.684688 1402.81818181818
544.711483 1469.81818181818
544.738279 7524.54545454545
544.765076 70701.9090909091
544.791873 154858.727272727
544.818671 117681.363636364
544.845469 42287.6363636364
544.872269 15645.5454545455
544.899069 8966.45454545455
544.925869 5733.90909090909
544.952671 4748.54545454545
544.979472 3540.72727272727
545.006275 2089.45454545455
545.033078 1078.18181818182
545.059882 2760.72727272727
545.086687 6563.72727272727
545.113492 2787.81818181818
545.140298 1134.72727272727
545.167104 1382.36363636364
545.193912 1462.63636363636
545.220719 1736.81818181818
545.247528 9052.90909090909
545.274337 47635.8181818182
545.301147 68984.2727272727
545.327957 39069.6363636364
545.354769 12644.2727272727
545.38158 6115.27272727273
545.408393 3785.18181818182
545.435206 2878.72727272727
545.46202 2363.54545454545
545.488834 1998.36363636364
545.515649 1331.27272727273
545.542465 1168.27272727273
545.569281 2272
545.596099 2947.90909090909
545.622916 1499.90909090909
545.649735 1154.27272727273
545.676554 1078.09090909091
545.703373 1151.63636363636
545.730194 1672.54545454545
545.757015 10152.5454545455
545.783836 29247.7272727273
545.810659 28606.0909090909
545.837482 11940.3636363636
545.864306 4313.18181818182
545.89113 2579.54545454545
545.917955 2204.90909090909
545.94478 1879.45454545455
545.971607 1552.81818181818
545.998434 1158.27272727273
546.025261 974.090909090909
546.05209 1085.27272727273
546.078919 1611.81818181818
546.105748 1211.45454545455
546.132578 905.363636363636
546.159409 855
546.186241 880.909090909091
546.213073 954.363636363636
546.239906 3040.09090909091
546.26674 15433.0909090909
546.293574 25681.9090909091
546.320409 15891.4545454545
546.347244 5502.72727272727
546.37408 2499.63636363636
546.400917 1792.72727272727
546.427755 1348.54545454545
546.454593 1207.54545454545
546.481432 1024.81818181818
546.508271 863.909090909091
546.535111 706.545454545455
546.561952 1075.63636363636
546.588794 1308
546.615636 917.818181818182
546.642479 676.636363636364
546.669322 695.181818181818
546.696166 707.454545454545
546.723011 1073.63636363636
546.749856 6547.72727272727
546.776702 22715.5454545455
546.803549 23635.8181818182
546.830396 10363
546.857245 3377.36363636364
546.884093 2082.18181818182
546.910943 1560.18181818182
546.937793 1271
546.964643 972.272727272727
546.991495 883.454545454545
547.018347 719.181818181818
547.045199 733.181818181818
547.072053 1057.81818181818
547.098907 955.545454545455
547.125761 629.636363636364
547.152617 640
547.179473 662.727272727273
547.206329 749.818181818182
547.233186 1926.54545454545
547.260044 12327.3636363636
547.286903 23881.1818181818
547.313762 17038.4545454545
547.340622 5856.45454545455
547.367483 2400.81818181818
547.394344 1499.63636363636
547.421206 1210.09090909091
547.448068 984.454545454545
547.474932 854.909090909091
547.501795 647.545454545455
547.52866 607.181818181818
547.555525 793.818181818182
547.582391 1087
547.609258 758.545454545455
547.636125 712.727272727273
547.662993 664.363636363636
547.689861 631.454545454545
547.71673 715.727272727273
547.7436 3746.63636363636
547.77047 14668.8181818182
547.797342 17750.8181818182
547.824213 8389.18181818182
547.851086 2772.90909090909
547.877959 1535.09090909091
547.904833 1220.36363636364
547.931707 918.181818181818
547.958582 878.090909090909
547.985458 734.454545454545
548.012334 566.545454545455
548.039211 509.545454545455
548.066089 787.727272727273
548.092967 720.909090909091
548.119846 523.181818181818
548.146726 470.727272727273
548.173606 520.909090909091
548.200487 521.636363636364
548.227369 974.545454545455
548.254251 5077.54545454545
548.281134 11585.5454545455
548.308018 9042.27272727273
548.334902 3347
548.361787 1294.72727272727
548.388673 915.636363636364
548.415559 743.727272727273
548.442446 640.818181818182
548.469334 520.545454545455
548.496222 511.636363636364
548.523111 473.545454545455
548.55 558.272727272727
548.576891 668.181818181818
548.603782 560.636363636364
548.630673 462.090909090909
548.657565 437.363636363636
548.684458 370.909090909091
548.711352 456.818181818182
548.738246 1120.45454545455
548.765141 4258.90909090909
548.792036 5877.54545454545
548.818932 3384.09090909091
548.845829 1155.27272727273
548.872727 651.818181818182
548.899625 568.727272727273
548.926524 556.181818181818
548.953423 475.909090909091
548.980323 411.727272727273
549.007224 345.090909090909
549.034125 388.090909090909
549.061028 421.090909090909
549.08793 410.363636363636
549.114834 293.272727272727
549.141738 317.727272727273
549.168643 340.272727272727
549.195548 396.090909090909
549.222454 536.909090909091
549.249361 1463.27272727273
549.276268 3064.63636363636
549.303176 2688.63636363636
549.330085 1126.72727272727
549.356994 572.181818181818
549.383904 426.727272727273
549.410815 368.818181818182
549.437726 324.818181818182
549.464638 332.181818181818
549.491551 307.727272727273
549.518464 300.363636363636
549.545378 307.181818181818
549.572293 380.727272727273
549.599208 353.454545454545
549.626124 320.181818181818
549.65304 269.090909090909
549.679958 284
549.706876 326
549.733794 1010.54545454545
549.760713 3744.72727272727
549.787633 5109.81818181818
549.814554 2861.36363636364
549.841475 1060
549.868397 556.363636363636
549.895319 485.727272727273
549.922243 399.181818181818
549.949166 349.181818181818
549.976091 307.636363636364
550.003016 277.181818181818
550.029942 253.454545454545
550.056868 313.909090909091
550.083795 289.181818181818
550.110723 269.909090909091
550.137652 260.272727272727
550.164581 292.636363636364
550.191511 343.272727272727
550.218441 2019
550.245372 22258.6363636364
550.272304 53958.6363636364
550.299236 42781.8181818182
550.326169 14984
550.353103 4649.72727272727
550.380037 2746.09090909091
550.406973 1863.90909090909
550.433908 1491.81818181818
550.460845 1119.63636363636
550.487782 719.818181818182
550.514719 426
550.541658 797.636363636364
550.568597 1676.36363636364
550.595536 922.545454545455
550.622477 472.909090909091
550.649418 486.272727272727
550.676359 482.272727272727
550.703302 554.636363636364
550.730245 3323
550.757188 19666.0909090909
550.784132 29171
550.811077 16244.1818181818
550.838023 4834.90909090909
550.864969 2283
550.891916 1528.63636363636
550.918864 1154.63636363636
550.945812 892.363636363636
550.972761 770.181818181818
550.99971 492.454545454545
551.026661 439
551.053611 753.727272727273
551.080563 939.818181818182
551.107515 499.727272727273
551.134468 415.454545454545
551.161421 400.454545454545
551.188376 463
551.21533 687.818181818182
551.242286 3921.18181818182
551.269242 10942
551.296199 10431
551.323156 4192
551.350114 1486.09090909091
551.377073 887.363636363636
551.404033 731.181818181818
551.430993 582.909090909091
551.457953 530.636363636364
551.484915 437.272727272727
551.511877 402.727272727273
551.53884 437.272727272727
551.565803 582.090909090909
551.592767 462.545454545455
551.619732 383.272727272727
551.646697 355.818181818182
551.673663 346.363636363636
551.70063 335
551.727597 641.272727272727
551.754565 2330.18181818182
551.781534 3874.81818181818
551.808503 2503.81818181818
551.835473 1009.45454545455
551.862444 578
551.889415 472.909090909091
551.916387 399.909090909091
551.94336 390.545454545455
551.970333 347.090909090909
551.997307 332.909090909091
552.024281 305.454545454545
552.051257 340.636363636364
552.078233 321.727272727273
552.105209 259.636363636364
552.132186 246
552.159164 282.090909090909
552.186143 292
552.213122 328.727272727273
552.240102 628
552.267082 1510.72727272727
552.294064 1732.90909090909
552.321045 971
552.348028 430.545454545455
552.375011 323.090909090909
552.401995 272.545454545455
552.428979 254.454545454545
552.455964 244.545454545455
552.48295 269.545454545455
552.509937 243.090909090909
552.536924 254.454545454545
552.563912 323.818181818182
552.5909 350.909090909091
552.617889 276
552.644879 226.090909090909
552.671869 193.909090909091
552.69886 233
552.725852 280
552.752844 516.818181818182
552.779838 842.363636363636
552.806831 801.545454545455
552.833826 437.545454545455
552.860821 267.545454545455
552.887816 252.090909090909
552.914813 295.181818181818
552.94181 280.545454545455
552.968807 239
552.995806 196.636363636364
553.022805 198.636363636364
553.049804 184.363636363636
553.076804 186.272727272727
553.103805 168.181818181818
553.130807 168.090909090909
553.157809 166.818181818182
553.184812 204.818181818182
553.211816 309.181818181818
553.23882 1039.36363636364
553.265825 1646.63636363636
553.292831 1220.09090909091
553.319837 565.727272727273
553.346844 314.363636363636
553.373851 225.363636363636
553.400859 203
553.427868 172.545454545455
553.454878 172
553.481888 165.818181818182
553.508899 173.818181818182
553.53591 182.636363636364
553.562922 210.545454545455
553.589935 201.727272727273
553.616949 184.181818181818
553.643963 152.181818181818
553.670978 159.090909090909
553.697993 169.454545454545
553.725009 320.727272727273
553.752026 766.545454545455
553.779043 897.545454545455
553.806062 534.818181818182
553.83308 276
553.8601 188.090909090909
553.88712 196.181818181818
553.91414 205.727272727273
553.941162 201.090909090909
553.968184 176.090909090909
553.995207 163.545454545455
554.02223 142.454545454545
554.049254 143.545454545455
554.076279 138.636363636364
554.103304 145.272727272727
554.13033 130.818181818182
554.157357 125
554.184384 129.090909090909
554.211412 162.909090909091
554.238441 324.090909090909
554.26547 537.909090909091
554.2925 487.181818181818
