543.586647 103.454545454545
543.613415 82.0909090909091
543.640184 58.5454545454545
543.666954 50.7272727272727
543.693724 79.0909090909091
543.720495 206.272727272727
543.747266 313.636363636364
543.774039 368.090909090909
543.800812 332.363636363636
543.827585 195.545454545455
543.854359 108.363636363636
543.881134 109.181818181818
543.90791 105.454545454545
543.934686 109.363636363636
543.961463 90.4545454545455
543.98824 97.0909090909091
544.015019 99.0909090909091
544.041797 82.9090909090909
544.068577 63.8181818181818
544.095357 70.3636363636364
544.122138 72.5454545454545
544.148919 92.1818181818182
544.175702 134.272727272727
544.202484 298.545454545455
544.229268 1484.90909090909
544.256052 38788.6363636364
544.282837 154840
544.309622 173332.090909091
544.336408 77666.7272727273
544.363195 20969.6363636364
544.389983 9672.09090909091
544.416771 7105.72727272727
544.443559 4867.63636363636
544.470349 3416.72727272727
544.497139 1983.36363636364
544.523929 887.454545454545
544.550721 1114.54545454545
544.577513 5885
544.604306 4441
544.631099 958.727272727273
544.657893 685.181818181818
544.684688 922.818181818182
544.711483 1007.18181818182
544.738279 3975.09090909091
544.765076 45452.9090909091
544.791873 113249.181818182
544.818671 91084
544.845469 32990.0909090909
544.872269 11355.9090909091
544.899069 6580.90909090909
544.925869 4271.45454545455
544.952671 3443.09090909091
544.979472 2625.27272727273
545.006275 1605.63636363636
545.033078 848.545454545455
545.059882 1701.54545454545
545.086687 4395.36363636364
545.113492 2101.36363636364
545.140298 886.181818181818
545.167104 1021.36363636364
545.193912 1067.63636363636
545.220719 1299.72727272727
545.247528 5338.09090909091
545.274337 32410.0909090909
545.301147 51670.7272727273
545.327957 30816.8181818182
545.354769 9748.72727272727
545.38158 4458.63636363636
545.408393 2761.90909090909
545.435206 2105.09090909091
545.46202 1638.81818181818
545.488834 1372.90909090909
545.515649 978.727272727273
545.542465 846.363636363636
545.569281 1548.54545454545
545.596099 2072.90909090909
545.622916 1026.27272727273
545.649735 782.636363636364
545.676554 768.090909090909
545.703373 841.454545454545
545.730194 1037.54545454545
545.757015 5422.63636363636
545.783836 17880.6363636364
545.810659 19048.7272727273
545.837482 8379.27272727273
545.864306 2966.36363636364
545.89113 1749
545.917955 1440.36363636364
545.94478 1190.54545454545
545.971607 985.363636363636
545.998434 770.636363636364
546.025261 668.727272727273
546.05209 653.363636363636
546.078919 960.818181818182
546.105748 789
546.132578 642.636363636364
546.159409 606.636363636364
546.186241 657.181818181818
546.213073 708.909090909091
546.239906 1338.45454545455
546.26674 5792.54545454545
546.293574 10815.1818181818
546.320409 7413.27272727273
546.347244 2768.72727272727
546.37408 1281.27272727273
546.400917 945.181818181818
546.427755 741.363636363636
546.454593 706.454545454545
546.481432 608.090909090909
546.508271 541.636363636364
546.535111 507.818181818182
546.561952 654.272727272727
546.588794 723.454545454545
546.615636 570.636363636364
546.642479 456.909090909091
546.669322 486.545454545455
546.696166 511.545454545455
546.723011 607.636363636364
546.749856 1772.72727272727
546.776702 6223.18181818182
546.803549 7133.27272727273
546.830396 3436.27272727273
546.857245 1211.54545454545
546.884093 818.363636363636
546.910943 696.363636363636
546.937793 587.363636363636
546.964643 486.727272727273
546.991495 476.909090909091
547.018347 402.454545454545
547.045199 385.181818181818
547.072053 444.181818181818
547.098907 444.454545454545
547.125761 381
547.152617 380.818181818182
547.179473 396.272727272727
547.206329 496.454545454545
547.233186 706.727272727273
547.260044 2788.36363636364
547.286903 5642
547.313762 4547.18181818182
547.340622 1785.54545454545
547.367483 757.545454545455
547.394344 515.909090909091
547.421206 499
547.448068 438.545454545455
547.474932 390.181818181818
547.501795 334.454545454545
547.52866 340.272727272727
547.555525 388.272727272727
547.582391 482.909090909091
547.609258 378.363636363636
547.636125 343.363636363636
547.662993 307.636363636364
547.689861 292.454545454545
547.71673 310.454545454545
547.7436 736.909090909091
547.77047 2664.63636363636
547.797342 3507.54545454545
547.824213 1864.27272727273
547.851086 747.909090909091
547.877959 520.909090909091
547.904833 506.272727272727
547.931707 422.181818181818
547.958582 375
547.985458 328.727272727273
548.012334 281.636363636364
548.039211 250.272727272727
548.066089 284.363636363636
548.092967 268.454545454545
548.119846 237.181818181818
548.146726 234.363636363636
548.173606 278.090909090909
548.200487 316.272727272727
548.227369 477.727272727273
548.254251 1066.54545454545
548.281134 2199.54545454545
548.308018 1929.27272727273
548.334902 903.090909090909
548.361787 412.545454545455
548.388673 309.090909090909
548.415559 265.909090909091
548.442446 261.363636363636
548.469334 231.545454545455
548.496222 250.454545454545
548.523111 235.181818181818
548.55 274.727272727273
548.576891 328.909090909091
548.603782 310.090909090909
548.630673 258.727272727273
548.657565 218.909090909091
548.684458 207.545454545455
548.711352 249.545454545455
548.738246 341.727272727273
548.765141 837.272727272727
548.792036 1121.63636363636
548.818932 731.454545454545
548.845829 333.636363636364
548.872727 275.818181818182
548.899625 280.727272727273
548.926524 306.363636363636
548.953423 269.545454545455
548.980323 216.090909090909
549.007224 189.909090909091
549.034125 197
549.061028 189.181818181818
549.08793 179.818181818182
549.114834 151.818181818182
549.141738 172.454545454545
549.168643 183.636363636364
549.195548 226.545454545455
549.222454 323.636363636364
549.249361 771.909090909091
549.276268 1333.72727272727
549.303176 1125.45454545455
549.330085 507.909090909091
549.356994 284.363636363636
549.383904 206
549.410815 173.545454545455
549.437726 148.272727272727
549.464638 167.454545454545
549.491551 168.636363636364
549.518464 170.272727272727
549.545378 183.909090909091
549.572293 224
549.599208 189
549.626124 154.727272727273
549.65304 149.909090909091
549.679958 193.090909090909
549.706876 255.454545454545
549.733794 1256.72727272727
549.760713 6748.90909090909
549.787633 9691.81818181818
549.814554 5071.27272727273
549.841475 1494.90909090909
549.868397 676.818181818182
549.895319 573.181818181818
549.922243 469.818181818182
549.949166 348.090909090909
549.976091 242.545454545455
550.003016 208.454545454545
550.029942 187.909090909091
550.056868 294.818181818182
550.083795 311.454545454545
550.110723 199.909090909091
550.137652 184.090909090909
550.164581 264.454545454545
550.191511 401.636363636364
550.218441 3381.27272727273
550.245372 51893.4545454545
550.272304 135944.818181818
550.299236 115322.090909091
550.326169 41486.3636363636
550.353103 12178.5454545455
550.380037 7115.45454545455
550.406973 4776.81818181818
550.433908 3504.45454545455
550.460845 2518.81818181818
550.487782 1457.36363636364
550.514719 655.636363636364
550.541658 1549
550.568597 5050.18181818182
550.595536 2396.36363636364
550.622477 654.909090909091
550.649418 701.454545454545
550.676359 825
550.703302 986.909090909091
550.730245 6545
550.757188 46506.6363636364
550.784132 74308.1818181818
550.811077 43305.4545454545
550.838023 12954.7272727273
550.864969 5840
550.891916 3701.90909090909
550.918864 2622.54545454545
550.945812 1968.81818181818
550.972761 1599.63636363636
550.99971 967
551.026661 726.090909090909
551.053611 1688.36363636364
551.080563 2514.63636363636
551.107515 968.090909090909
551.134468 700.090909090909
551.161421 734.818181818182
551.188376 821.454545454545
551.21533 1197.18181818182
551.242286 7883.63636363636
551.269242 24985.7272727273
551.296199 25330.3636363636
551.323156 10498.6363636364
551.350114 3597
551.377073 2052.72727272727
551.404033 1524.63636363636
551.430993 1202.63636363636
551.457953 1025.72727272727
551.484915 768
551.511877 677
551.53884 746.818181818182
551.565803 1206.36363636364
551.592767 937.454545454545
551.619732 650.363636363636
551.646697 596.909090909091
551.673663 620.181818181818
551.70063 579.545454545455
551.727597 1108.72727272727
551.754565 4808.27272727273
551.781534 8762.09090909091
551.808503 5865
551.835473 2247.45454545455
551.862444 1152.54545454545
551.889415 878.818181818182
551.916387 698.454545454545
551.94336 679.909090909091
551.970333 575.545454545455
551.997307 513.363636363636
552.024281 426.636363636364
552.051257 503.636363636364
552.078233 575.818181818182
552.105209 458.181818181818
552.132186 408.818181818182
552.159164 461.090909090909
552.186143 448.545454545455
552.213122 535.545454545455
552.240102 1031.90909090909
552.267082 2501
552.294064 2790.18181818182
552.321045 1538.54545454545
552.348028 697.454545454545
552.375011 530.727272727273
552.401995 438.272727272727
552.428979 398.818181818182
552.455964 374.363636363636
552.48295 394.090909090909
552.509937 354.636363636364
552.536924 400
552.563912 515.727272727273
552.5909 556.636363636364
552.617889 434.272727272727
552.644879 346.545454545455
552.671869 321.818181818182
552.69886 354.545454545455
552.725852 432.909090909091
552.752844 792.090909090909
552.779838 1090.18181818182
552.806831 911.727272727273
552.833826 506.818181818182
552.860821 378.090909090909
552.887816 402.545454545455
552.914813 494.454545454545
552.94181 444.363636363636
552.968807 344.272727272727
552.995806 291.818181818182
553.022805 303.090909090909
553.049804 268.363636363636
553.076804 259.272727272727
553.103805 242.272727272727
553.130807 271
553.157809 277.454545454545
553.184812 277.090909090909
553.211816 471.181818181818
553.23882 2048.63636363636
553.265825 3716.36363636364
553.292831 2602.54545454545
553.319837 976.454545454545
553.346844 510
553.373851 364.909090909091
553.400859 313.454545454545
553.427868 260.818181818182
553.454878 263.727272727273
553.481888 237.272727272727
553.508899 238.272727272727
553.53591 257.909090909091
553.562922 311.181818181818
553.589935 279.454545454545
553.616949 275.272727272727
553.643963 233.181818181818
553.670978 218.181818181818
553.697993 215.909090909091
553.725009 588.545454545455
553.752026 1741.90909090909
553.779043 1994.27272727273
553.806062 992.363636363636
553.83308 410.727272727273
553.8601 273.272727272727
553.88712 288.272727272727
553.91414 280.454545454545
553.941162 260.909090909091
553.968184 222.818181818182
553.995207 234.363636363636
554.02223 205.909090909091
554.049254 209.636363636364
554.076279 177.090909090909
554.103304 186.727272727273
554.13033 170.818181818182
554.157357 175.363636363636
554.184384 168.363636363636
554.211412 251.545454545455
554.238441 580.818181818182
554.26547 941.818181818182
554.2925 735.272727272727
