543.586647 103.909090909091
543.613415 83.4545454545455
543.640184 56.4545454545455
543.666954 56.5454545454545
543.693724 80.3636363636364
543.720495 233.272727272727
543.747266 415.272727272727
543.774039 487.818181818182
543.800812 407.727272727273
543.827585 233.272727272727
543.854359 121.909090909091
543.881134 118.272727272727
543.90791 112
543.934686 120.545454545455
543.961463 124.181818181818
543.98824 160.727272727273
544.015019 143.545454545455
544.041797 99.9090909090909
544.068577 78.1818181818182
544.095357 92.1818181818182
544.122138 101.454545454545
544.148919 129.090909090909
544.175702 197.272727272727
544.202484 392
544.229268 2550.90909090909
544.256052 55401.0909090909
544.282837 190346.363636364
544.309622 199554.818181818
544.336408 85724.4545454545
544.363195 23403.2727272727
544.389983 11424.4545454545
544.416771 8490.18181818182
544.443559 5909.27272727273
544.470349 4075
544.497139 2301.18181818182
544.523929 939.545454545455
544.550721 1522.54545454545
544.577513 7887.18181818182
544.604306 5222.18181818182
544.631099 1141.63636363636
544.657893 856.545454545455
544.684688 1149.27272727273
544.711483 1252.27272727273
544.738279 6803.36363636364
544.765076 64374.5454545455
544.791873 140934
544.818671 105902.181818182
544.845469 37302.2727272727
544.872269 13598.6363636364
544.899069 7945.09090909091
544.925869 5151.45454545455
544.952671 4231.18181818182
544.979472 3223
545.006275 1870.54545454545
545.033078 1000.27272727273
545.059882 2501
545.086687 5786.09090909091
545.113492 2400.63636363636
545.140298 1005.18181818182
545.167104 1213.72727272727
545.193912 1315.36363636364
545.220719 1532.81818181818
545.247528 8187.18181818182
545.274337 44915.2727272727
545.301147 64961
545.327957 36119.0909090909
545.354769 11328.1818181818
545.38158 5439.81818181818
545.408393 3441.36363636364
545.435206 2671.09090909091
545.46202 2090.09090909091
545.488834 1731.72727272727
545.515649 1197.63636363636
545.542465 1048.09090909091
545.569281 2067.90909090909
545.596099 2656.54545454545
545.622916 1290.45454545455
545.649735 991.181818181818
545.676554 966.545454545455
545.703373 1034
545.730194 1516.09090909091
545.757015 10124.8181818182
545.783836 29218.7272727273
545.810659 27996.0909090909
545.837482 11481.1818181818
545.864306 4179.54545454545
545.89113 2522.45454545455
545.917955 2033.36363636364
545.94478 1679.81818181818
545.971607 1408.63636363636
545.998434 1036.18181818182
546.025261 903.818181818182
546.05209 965.909090909091
546.078919 1501.27272727273
546.105748 1098.18181818182
546.132578 806.545454545455
546.159409 796.818181818182
546.186241 860.545454545455
546.213073 903.818181818182
546.239906 2903.36363636364
546.26674 15283.9090909091
546.293574 25741
546.320409 15876.0909090909
546.347244 5329.63636363636
546.37408 2373.09090909091
546.400917 1706.54545454545
546.427755 1256.90909090909
546.454593 1172.18181818182
546.481432 997.090909090909
546.508271 804.818181818182
546.535111 646.636363636364
546.561952 998.272727272727
546.588794 1225.45454545455
546.615636 845.545454545455
546.642479 652.272727272727
546.669322 718.454545454545
546.696166 740.090909090909
546.723011 1036
546.749856 6370.18181818182
546.776702 22205.2727272727
546.803549 22935.8181818182
546.830396 9885.36363636364
546.857245 3165.90909090909
546.884093 1943.81818181818
546.910943 1438.36363636364
546.937793 1179
546.964643 953.454545454545
546.991495 824.363636363636
547.018347 642.545454545455
547.045199 689.909090909091
547.072053 997.636363636364
547.098907 903.545454545455
547.125761 603.636363636364
547.152617 579.818181818182
547.179473 572.272727272727
547.206329 689.909090909091
547.233186 1923.54545454545
547.260044 12617.3636363636
547.286903 28206.0909090909
547.313762 26169
547.340622 11878.0909090909
547.367483 4174.63636363636
547.394344 2143.36363636364
547.421206 1616.90909090909
547.448068 1244
547.474932 1016.81818181818
547.501795 737.636363636364
547.52866 661
547.555525 838
547.582391 1168.27272727273
547.609258 861.909090909091
547.636125 667.363636363636
547.662993 592.454545454545
547.689861 612
547.71673 690.272727272727
547.7436 3651.18181818182
547.77047 14466.6363636364
547.797342 17536.0909090909
547.824213 8284
547.851086 2735.27272727273
547.877959 1587.36363636364
547.904833 1269.27272727273
547.931707 945.545454545455
547.958582 846.454545454545
547.985458 685.363636363636
548.012334 548.727272727273
548.039211 502.181818181818
548.066089 765.818181818182
548.092967 699.545454545455
548.119846 491.272727272727
548.146726 433.454545454545
548.173606 482.181818181818
548.200487 528.272727272727
548.227369 977.181818181818
548.254251 5061.90909090909
548.281134 12006.2727272727
548.308018 10942
548.334902 5287.63636363636
548.361787 2034.36363636364
548.388673 1169.09090909091
548.415559 796.818181818182
548.442446 701.454545454545
548.469334 560.545454545455
548.496222 528.454545454545
548.523111 474.818181818182
548.55 546.363636363636
548.576891 660.363636363636
548.603782 603
548.630673 468.818181818182
548.657565 409.545454545455
548.684458 396
548.711352 451.909090909091
548.738246 1143.90909090909
548.765141 4424.81818181818
548.792036 5965.81818181818
548.818932 3371
548.845829 1189.81818181818
548.872727 724.363636363636
548.899625 619.818181818182
548.926524 588.272727272727
548.953423 493.636363636364
548.980323 461.727272727273
549.007224 384.454545454545
549.034125 395.909090909091
549.061028 433.181818181818
549.08793 417.909090909091
549.114834 327.727272727273
549.141738 293.454545454545
549.168643 306.909090909091
549.195548 393.272727272727
549.222454 554.363636363636
549.249361 1593.63636363636
549.276268 3340.63636363636
549.303176 3145.18181818182
549.330085 1644
549.356994 824.272727272727
549.383904 490.090909090909
549.410815 406.454545454545
549.437726 355.454545454545
549.464638 350.181818181818
549.491551 296.454545454545
549.518464 286.909090909091
549.545378 298.090909090909
549.572293 359.909090909091
549.599208 350.363636363636
549.626124 318.727272727273
549.65304 252.909090909091
549.679958 289.909090909091
549.706876 344.545454545455
549.733794 1402.27272727273
549.760713 6216.45454545455
549.787633 8366.63636363636
549.814554 4279
549.841475 1366.81818181818
549.868397 691.636363636364
549.895319 619.272727272727
549.922243 536.090909090909
549.949166 450.818181818182
549.976091 361.909090909091
550.003016 332.454545454545
550.029942 310.272727272727
550.056868 381.181818181818
550.083795 367.090909090909
550.110723 304.909090909091
550.137652 299.181818181818
550.164581 346.545454545455
550.191511 496.909090909091
550.218441 3732.63636363636
550.245372 44076.3636363636
550.272304 104307.363636364
550.299236 82876.6363636364
550.326169 28974.0909090909
550.353103 8971.27272727273
550.380037 5316.09090909091
550.406973 3537.54545454545
550.433908 2752.81818181818
550.460845 2022.36363636364
550.487782 1184.54545454545
550.514719 607.363636363636
550.541658 1389.81818181818
550.568597 3597.54545454545
550.595536 1671.36363636364
550.622477 644.454545454545
550.649418 702.090909090909
550.676359 754.454545454545
550.703302 934.454545454545
550.730245 6330.90909090909
550.757188 38193.7272727273
550.784132 55864.0909090909
550.811077 30606.3636363636
550.838023 9130.72727272727
550.864969 4323.45454545455
550.891916 2773
550.918864 2004.18181818182
550.945812 1524.18181818182
550.972761 1285.27272727273
550.99971 867.272727272727
551.026661 696.636363636364
551.053611 1446.63636363636
551.080563 1886
551.107515 796.727272727273
551.134468 621.818181818182
551.161421 648.363636363636
551.188376 733
551.21533 1148.90909090909
551.242286 7275.36363636364
551.269242 20586.8181818182
551.296199 19334.2727272727
551.323156 7762.90909090909
551.350114 2824.36363636364
551.377073 1606.72727272727
551.404033 1194.63636363636
551.430993 967.545454545455
551.457953 860.636363636364
551.484915 695.636363636364
551.511877 594.181818181818
551.53884 649.181818181818
551.565803 1036.72727272727
551.592767 810
551.619732 574.272727272727
551.646697 536.818181818182
551.673663 544.909090909091
551.70063 544
551.727597 1144.18181818182
551.754565 4206.72727272727
551.781534 6811.54545454545
551.808503 4278
551.835473 1684.54545454545
551.862444 924.818181818182
551.889415 750.909090909091
551.916387 636.545454545455
551.94336 622.545454545455
551.970333 538.090909090909
551.997307 475.727272727273
552.024281 417.636363636364
552.051257 505.545454545455
552.078233 518.181818181818
552.105209 418.818181818182
552.132186 368.727272727273
552.159164 415.545454545455
552.186143 436.818181818182
552.213122 525.818181818182
552.240102 980.818181818182
552.267082 2212.27272727273
552.294064 2300.45454545455
552.321045 1249.63636363636
552.348028 611.272727272727
552.375011 463.454545454545
552.401995 409.909090909091
552.428979 393.636363636364
552.455964 342.090909090909
552.48295 343.272727272727
552.509937 314.363636363636
552.536924 361.181818181818
552.563912 500.090909090909
552.5909 576.545454545455
552.617889 438.363636363636
552.644879 367.545454545455
552.671869 303.363636363636
552.69886 335
552.725852 424.454545454545
552.752844 797.636363636364
552.779838 1058.45454545455
552.806831 871.727272727273
552.833826 492.636363636364
552.860821 344
552.887816 365
552.914813 477.727272727273
552.94181 425.636363636364
552.968807 325.727272727273
552.995806 261.727272727273
553.022805 275.545454545455
553.049804 269.272727272727
553.076804 257.181818181818
553.103805 238.818181818182
553.130807 237.545454545455
553.157809 225.090909090909
553.184812 259.090909090909
553.211816 492.454545454545
553.23882 1802.63636363636
553.265825 2843.54545454545
553.292831 1959.90909090909
553.319837 808.818181818182
553.346844 454.181818181818
553.373851 347.181818181818
553.400859 285.454545454545
553.427868 250.545454545455
553.454878 254.727272727273
553.481888 217.818181818182
553.508899 225.272727272727
553.53591 243.545454545455
553.562922 308.818181818182
553.589935 299.090909090909
553.616949 265.545454545455
553.643963 207.909090909091
553.670978 201.545454545455
553.697993 217.363636363636
553.725009 534
553.752026 1438.90909090909
553.779043 1614.09090909091
553.806062 824.272727272727
553.83308 375.909090909091
553.8601 244.545454545455
553.88712 249.454545454545
553.91414 236.090909090909
553.941162 226.636363636364
553.968184 205.090909090909
553.995207 197.727272727273
554.02223 179.636363636364
554.049254 179.818181818182
554.076279 177.818181818182
554.103304 187.181818181818
554.13033 187.636363636364
554.157357 180.090909090909
554.184384 170.545454545455
554.211412 241.090909090909
554.238441 491.272727272727
554.26547 776.454545454545
554.2925 627
