543.586647 114.090909090909
543.613415 94
543.640184 57.0909090909091
543.666954 56.7272727272727
543.693724 80.5454545454545
543.720495 181.272727272727
543.747266 313.818181818182
543.774039 373.636363636364
543.800812 308.545454545455
543.827585 170.272727272727
543.854359 91.2727272727273
543.881134 91.7272727272727
543.90791 105.090909090909
543.934686 92.9090909090909
543.961463 107.272727272727
543.98824 184.727272727273
544.015019 160.818181818182
544.041797 89.1818181818182
544.068577 66.3636363636364
544.095357 70.2727272727273
544.122138 69.5454545454545
544.148919 84.6363636363636
544.175702 124.545454545455
544.202484 234.818181818182
544.229268 1199
544.256052 24784.1818181818
544.282837 95123.2727272727
544.309622 103353.272727273
544.336408 44147
544.363195 11951.6363636364
544.389983 5661.90909090909
544.416771 4203.63636363636
544.443559 2916.45454545455
544.470349 2049
544.497139 1245.27272727273
544.523929 663.545454545455
544.550721 853.272727272727
544.577513 3241.18181818182
544.604306 2295.63636363636
544.631099 650.818181818182
544.657893 493
544.684688 587.818181818182
544.711483 593.090909090909
544.738279 2678
544.765076 28963.5454545455
544.791873 70223.7272727273
544.818671 54715.4545454545
544.845469 19245.2727272727
544.872269 6462.27272727273
544.899069 3856.18181818182
544.925869 2569.81818181818
544.952671 2084.18181818182
544.979472 1560.45454545455
545.006275 981.545454545455
545.033078 569.272727272727
545.059882 1065.18181818182
545.086687 2313.36363636364
545.113492 1143.81818181818
545.140298 565.454545454545
545.167104 630.181818181818
545.193912 708.363636363636
545.220719 896.909090909091
545.247528 4101.09090909091
545.274337 23124.0909090909
545.301147 34938.6363636364
545.327957 19828
545.354769 6080.81818181818
545.38158 2807.18181818182
545.408393 1774
545.435206 1360.18181818182
545.46202 1044
545.488834 905.545454545455
545.515649 638.727272727273
545.542465 584.454545454545
545.569281 1002.27272727273
545.596099 1293.27272727273
545.622916 676.636363636364
545.649735 538.272727272727
545.676554 547.181818181818
545.703373 609.909090909091
545.730194 853.909090909091
545.757015 5896.63636363636
545.783836 18038.1818181818
545.810659 17786.3636363636
545.837482 7233.36363636364
545.864306 2472.18181818182
545.89113 1450.09090909091
545.917955 1215.27272727273
545.94478 958.454545454545
545.971607 791.272727272727
545.998434 619.636363636364
546.025261 508.181818181818
546.05209 523.181818181818
546.078919 826.454545454545
546.105748 640.181818181818
546.132578 464.818181818182
546.159409 427.727272727273
546.186241 463
546.213073 552.636363636364
546.239906 1995.81818181818
546.26674 11920.0909090909
546.293574 20824.8181818182
546.320409 13059.5454545455
546.347244 4211.81818181818
546.37408 1723.72727272727
546.400917 1175.36363636364
546.427755 834.090909090909
546.454593 726.181818181818
546.481432 630.272727272727
546.508271 532.727272727273
546.535111 432.363636363636
546.561952 692.909090909091
546.588794 818.454545454545
546.615636 538.545454545455
546.642479 379
546.669322 424.363636363636
546.696166 482
546.723011 767.090909090909
546.749856 5345.27272727273
546.776702 20702.0909090909
546.803549 22348.7272727273
546.830396 9710.09090909091
546.857245 2861
546.884093 1606.45454545455
546.910943 1186.36363636364
546.937793 948.272727272727
546.964643 685.545454545455
546.991495 588.909090909091
547.018347 439.909090909091
547.045199 456.272727272727
547.072053 756.090909090909
547.098907 670.090909090909
547.125761 402.636363636364
547.152617 395.636363636364
547.179473 428.818181818182
547.206329 586.727272727273
547.233186 1644.90909090909
547.260044 13757.2727272727
547.286903 42744.6363636364
547.313762 56049.1818181818
547.340622 32515.3636363636
547.367483 10584
547.394344 4074.63636363636
547.421206 2762.63636363636
547.448068 2012.27272727273
547.474932 1515.09090909091
547.501795 1048.18181818182
547.52866 768.272727272727
547.555525 786
547.582391 1417.18181818182
547.609258 1369.36363636364
547.636125 760.454545454545
547.662993 519.909090909091
547.689861 578.272727272727
547.71673 681.090909090909
547.7436 3696.54545454545
547.77047 15842.2727272727
547.797342 19969.3636363636
547.824213 9577.27272727273
547.851086 3073.45454545455
547.877959 1697.18181818182
547.904833 1347.09090909091
547.931707 961.636363636364
547.958582 820.909090909091
547.985458 682.909090909091
548.012334 522.090909090909
548.039211 470.545454545455
548.066089 776.090909090909
548.092967 722.090909090909
548.119846 486.272727272727
548.146726 420.090909090909
548.173606 524.272727272727
548.200487 550.818181818182
548.227369 1000.36363636364
548.254251 5641.72727272727
548.281134 15707.9090909091
548.308018 18928.1818181818
548.334902 12027.8181818182
548.361787 4521.72727272727
548.388673 1949.45454545455
548.415559 1235.18181818182
548.442446 993.181818181818
548.469334 732.818181818182
548.496222 667.181818181818
548.523111 554.909090909091
548.55 589.090909090909
548.576891 773.818181818182
548.603782 790.181818181818
548.630673 571.272727272727
548.657565 455
548.684458 420.636363636364
548.711352 498.181818181818
548.738246 1225.90909090909
548.765141 5344.63636363636
548.792036 7465.72727272727
548.818932 4183.09090909091
548.845829 1431.63636363636
548.872727 853
548.899625 693.181818181818
548.926524 624
548.953423 509
548.980323 454.454545454545
549.007224 368.181818181818
549.034125 373.818181818182
549.061028 444.363636363636
549.08793 444.909090909091
549.114834 302.909090909091
549.141738 337.090909090909
549.168643 337.090909090909
549.195548 375.545454545455
549.222454 491.181818181818
549.249361 1631
549.276268 4001.09090909091
549.303176 4744.18181818182
549.330085 3248.72727272727
549.356994 1571.72727272727
549.383904 724.636363636364
549.410815 525
549.437726 422.454545454545
549.464638 381.727272727273
549.491551 326.636363636364
549.518464 311.272727272727
549.545378 303.818181818182
549.572293 363.909090909091
549.599208 358.454545454545
549.626124 300.454545454545
549.65304 272.454545454545
549.679958 293.363636363636
549.706876 329.818181818182
549.733794 1397.27272727273
549.760713 6189.72727272727
549.787633 8520.09090909091
549.814554 4538.36363636364
549.841475 1506.18181818182
549.868397 739.181818181818
549.895319 643.272727272727
549.922243 527.545454545455
549.949166 427.545454545455
549.976091 344.636363636364
550.003016 306.636363636364
550.029942 282.363636363636
550.056868 375.818181818182
550.083795 389.545454545455
550.110723 314.727272727273
550.137652 302.454545454545
550.164581 355.454545454545
550.191511 460.090909090909
550.218441 3292.36363636364
550.245372 42541.8181818182
550.272304 106654.181818182
550.299236 87837.6363636364
550.326169 31309.6363636364
550.353103 9417.54545454545
550.380037 5430.27272727273
550.406973 3699.18181818182
550.433908 2845.90909090909
550.460845 2053.72727272727
550.487782 1232.45454545455
550.514719 617
550.541658 1344.18181818182
550.568597 3695.72727272727
550.595536 1851.45454545455
550.622477 654.909090909091
550.649418 685.272727272727
550.676359 774.727272727273
550.703302 886.272727272727
550.730245 5681.90909090909
550.757188 37534.9090909091
550.784132 57625.9090909091
550.811077 32754
550.838023 9821.54545454545
550.864969 4500.72727272727
550.891916 2827.09090909091
550.918864 2114.45454545455
550.945812 1557.81818181818
550.972761 1331.63636363636
550.99971 853.363636363636
551.026661 671.454545454545
551.053611 1427.09090909091
551.080563 1959.45454545455
551.107515 833.636363636364
551.134468 630.545454545455
551.161421 648.909090909091
551.188376 721.272727272727
551.21533 1068.63636363636
551.242286 6748.72727272727
551.269242 20380.1818181818
551.296199 19873.5454545455
551.323156 8119.72727272727
551.350114 2911.63636363636
551.377073 1680.27272727273
551.404033 1302.72727272727
551.430993 1012.63636363636
551.457953 907.454545454545
551.484915 696
551.511877 596.636363636364
551.53884 669.545454545455
551.565803 998.272727272727
551.592767 794.636363636364
551.619732 580.727272727273
551.646697 530.818181818182
551.673663 547.090909090909
551.70063 520.272727272727
551.727597 1013.36363636364
551.754565 4041.72727272727
551.781534 6992.09090909091
551.808503 4574
551.835473 1787.09090909091
551.862444 933.727272727273
551.889415 737
551.916387 645.727272727273
551.94336 630.090909090909
551.970333 540
551.997307 471.818181818182
552.024281 411
552.051257 509
552.078233 540.545454545455
552.105209 454.727272727273
552.132186 377
552.159164 403.909090909091
552.186143 405.545454545455
552.213122 511.636363636364
552.240102 918.090909090909
552.267082 1968.54545454545
552.294064 2028.45454545455
552.321045 1119.18181818182
552.348028 554.727272727273
552.375011 459.636363636364
552.401995 399
552.428979 350
552.455964 317.909090909091
552.48295 334.636363636364
552.509937 322.181818181818
552.536924 345
552.563912 422.636363636364
552.5909 477.818181818182
552.617889 395.727272727273
552.644879 322.363636363636
552.671869 287.272727272727
552.69886 304.454545454545
552.725852 393.454545454545
552.752844 720.909090909091
552.779838 953.363636363636
552.806831 769.454545454545
552.833826 426.818181818182
552.860821 317
552.887816 357.363636363636
552.914813 437.727272727273
552.94181 366.090909090909
552.968807 314.818181818182
552.995806 271.363636363636
553.022805 263.727272727273
553.049804 261
553.076804 261.636363636364
553.103805 238.363636363636
553.130807 237.090909090909
553.157809 235.727272727273
553.184812 284.181818181818
553.211816 522.545454545455
553.23882 1837.54545454545
553.265825 2935.45454545455
553.292831 1954.45454545455
553.319837 768.181818181818
553.346844 429.909090909091
553.373851 320.636363636364
553.400859 264.090909090909
553.427868 227.636363636364
553.454878 237
553.481888 215.090909090909
553.508899 226.181818181818
553.53591 242.363636363636
553.562922 293.272727272727
553.589935 272.272727272727
553.616949 228.454545454545
553.643963 180.727272727273
553.670978 186
553.697993 213.727272727273
553.725009 480.545454545455
553.752026 1303.27272727273
553.779043 1471.81818181818
553.806062 766.818181818182
553.83308 357.181818181818
553.8601 248.363636363636
553.88712 256.090909090909
553.91414 234.818181818182
553.941162 202.090909090909
553.968184 178.363636363636
553.995207 201.818181818182
554.02223 186
554.049254 189.090909090909
554.076279 166.454545454545
554.103304 171.454545454545
554.13033 163.090909090909
554.157357 172.181818181818
554.184384 193.272727272727
554.211412 271.090909090909
554.238441 497.454545454545
554.26547 776.545454545455
554.2925 597.454545454545
